9.355852 10.585328 1.113263
5.369959 1.369285 8.739198
1.304919 5.423740 8.955198
4.164790 6.449703 0.747567
2.225767 10.598074 8.895287
0.888913 7.820260 8.169839
3.492882 8.931727 7.433415
8.735347 4.612294 3.103044
11.849883 2.893958 9.572409
8.676605 0.233685 7.638947
7.610978 11.605369 3.265871
8.943925 4.975204 9.931463
8.080369 10.667493 6.884033
4.442836 4.082240 0.769031
5.927012 8.404075 0.660945
11.090606 9.158117 8.844588
5.458155 8.282210 9.580428
11.818225 0.090419 6.490132
10.851695 8.164268 0.885078
7.604208 6.604095 2.269189
7.551071 0.283781 0.331972
6.542910 0.021318 2.772652
2.286462 10.450918 0.864769
5.561915 3.934575 9.372184
10.404992 0.994529 1.716812
8.134795 8.468424 8.135201
5.787799 1.863687 0.427816
10.021202 1.627433 9.324877
8.286005 3.681089 0.924556
0.666241 3.368412 1.137830
4.491507 11.730712 6.963753
11.645045 5.921111 8.144807
7.533877 0.312095 9.830940
8.303342 3.984356 7.466048
1.171240 6.711089 1.285717
11.825413 10.991988 2.999415
4.110961 6.947420 8.387238
1.838934 2.109013 7.931020
3.115584 3.576601 9.108309
5.568203 7.224661 2.860849
4.297788 11.150660 2.109927
0.652759 11.121213 3.052607
2.945070 0.330353 3.718641
0.357578 0.843476 0.874817
8.473670 11.015759 9.032771
4.617175 11.769630 9.691877
11.963572 5.381976 0.339757
2.554167 3.306161 3.171555
8.615976 6.191542 6.677277
10.458020 3.725810 1.735437
2.505694 8.428964 3.074532
5.883702 10.166322 8.014315
0.060642 10.782486 7.081346
6.150876 5.844691 7.630240
2.517698 1.714604 0.086137
11.922994 11.510980 6.720062
0.798926 2.253428 9.990988
11.116281 7.730314 3.072559
7.853566 8.849633 3.046983
8.312888 8.094529 0.451763
11.633877 0.910654 3.543125
0.263465 0.555397 5.894605
9.168634 6.000330 0.740211
11.950787 8.617264 6.042968
5.030916 2.454327 2.832792
2.272961 0.006817 9.447623
4.804672 0.031607 6.634810
0.407372 11.569006 0.136591
8.694965 1.472785 3.250801
3.799746 2.695216 6.991908
11.851259 6.004944 5.216196
6.494832 10.348021 1.701906
0.096452 3.752499 3.306831
0.441470 3.955366 7.450495
0.419311 8.811383 0.394205
7.513119 2.713569 9.090149
11.678488 4.192737 3.730411
0.012339 0.186240 9.561188
6.491888 5.457928 0.078655
9.068735 11.940016 5.010867
10.927141 2.814795 7.486171
2.988473 5.809583 6.796071
10.570495 11.986366 9.001430
0.525780 9.366159 9.904863
0.268121 6.267514 4.327448
6.116502 5.009969 2.580557
0.287100 8.680000 3.192427
7.449651 6.806950 9.828668
11.827459 2.261272 0.287344
3.517229 0.321125 1.545865
3.341669 5.997731 2.967428
5.847078 3.639110 6.846499
0.076608 8.975018 5.755421
8.456252 0.009384 4.934394
0.773535 0.779895 3.296252
9.557307 7.849922 9.739059
